2427
5110
5582
5624
5625
5891
5892
5898
5920
5922
5927
5933
5946
5956
5961
5962
5965
5968
5969
5971
5976
5977
6011
6022
6039
6056
6060
6066
6151
6152
6402
6465
6473
6851
6876
6915
6921
6937
6948
7010
7012
7014
7020
7023
7035
7148
7149
7155
7157
7158
7159
7165
7166
7167
7168
7171
7179
7181
7182
7183
7184
7195
7196
7198
7199
7209
7212
7219
7229
7779
7893
7922
8585
8741
8742
8752
8864
8876
8877
8878
8880
8884
8886
8894
8917
8924
8928
8930
8946
8949
8957
9045
9052
9053
9058
9154
9180
9244
9251
9278
9420
9423
9424
9426
9427
9428
9494
10135
10192
10195
10264
10265
10293
10597
10711
10730
10762
10763
10764
10765
10767
10833
11889
11893
11898
11899
11901
12422
12449
12450
12451
13810
13935
14075
14155
14157
14168
14247
14442
14467
14543
15528
16733
17406
21257
21725
22457
23755
24173
26468
26538
26695
26902
27125
30538
31260
31263
31277
31284
31825
32177
33337
33343
35008
35094
35217
35858
35860
35861
36514
36543
36551
37002
37055
37072
37091
37140
37143
37210
37211
37213
37215
37278
37281
37371
37372
37373
37374
37549
37570
37610
37659
37682
37697
37700
37721
37765
37819
37846
37876
37881
37971
37980
37981
37982
37983
37986
38714
38715
38724
38728
38729
38731
38733
38734
38736
38738
39042
39047
39050
39051
39162
39181
39569
39659
39885
40094
40996
41300
43041
43978
43980
43983
43990
44155
44386
44893
44931
44965
45252
45402
45836
45891
46164
46614
46809
51117
51283
51404
51547
51610
51918
51920
52498
53233
54623
55693
55999
56520
72442
73681
75222
76046
84167
85626
87321
89964
96850
123666
123849
125826
125875
125877
125879
125881
133363
133364
133366
133367
133380
133399
133405
133407
133410
133416
133427
133441
135591
140004
143738
143794
148253
148254
148257
148259
148268
148274
148286
148304
151032
151035
151037
151089
151118
151164
151267
151271
164494
164496
168685
168690
168706
168707
168708
168715
170379
170440
170444
170465
170478
171027
171037
171039
171042
171049
171056
179175
189895
191989
197163
197781
197786
197810
198081
198095
198100
202153
204037
204100
204101
204125
204166
204169
204171
204172
204176
204378
205354
205436
205869
207868
207904
208149
209449
210593
210762
210855
212208
214193
215665
218207
220173
221425
226210
226295
227091
230526
231527
232343
232977
233882
234027
236309
237447
239454
241501
241622
243393
243627
251072
251232
252772
253759
254625
255116
256017
258293
259379
259935
259996
261582
263057
270368
282610
283473
284938
286867
286898
289264
289704
292728
292748
293133
293151
294681
303899
304808
306845
308213
309109
310654
312285
312804
312999
315547
316101
316658
319210
320350
320550
322285
322468
324995
325433
330219
330227
342468
348248
348533
348832
348833
348836
348837
365551
367174
367581
367709
367711
367712
367765
368835
370147
370407
371340
371530
372062
372470
372536
372684
372738
373247
373258
373394
373485
374015
374415
374816
376658
376954
377658
377938
377942
379372
385689
385752
386781
387589
392857
393886
395138
396186
402395
405732
406703
407094
413651
414788
417292
418652
419243
420593
421623
429502
429583
438859
438875
442314
442518
442579
444467
445824
447228
449053
453434
458321
459534
460605
461449
464158
487281
487302
487677
488923
492844
492995
496760
496914
497930
513640
515930
518515
519063
520371
531529
533563
535143
535161
535218
535683
539280
541189
541245
542572
545754
545854
548507
549342
549749
550291
550448
551319
551933
552775
552882
552978
554401
554433
554587
554624
554727
554972
556288
556476
556706
556722
556936
557086
558288
559352
561404
561631
562595
562811
562812
562814
562815
562817
562870
562984
563092
563119
563634
563771
563775
563934
564009
564039
564062
564205
564627
564809
564844
564875
564885
564942
564944
564992
565038
565104
565106
565176
565179
565274
565321
565346
565356
565412
565445
565481
565528
565668
565826
565833
565872
565952
566027
566065
566069
566094
566243
566275
566311
566374
566388
566390
566413
566414
566590
566634
567114
567118
567221
567262
568104
568116
568312
568565
569047
569253
569474
569809
569834
570803
571147
571367
571408
571475
571492
571847
572456
572936
573056
574325
574914
575024
576056
576057
576472
576742
577695
577748
578027
578044
578997
579348
580064
580647
580661
580666
580760
580839
580842
580879
581123
581168
581687
581698
581833
581842
582639
582906
583225
583289
583323
584173
584224
584651
584658
584804
584812
584865
585044
586022
586238
586351
586583
586600
586878
586945
586998
587082
587097
587270
588225
588301
589083
589250
589300
590308
591854
592869
594007
594744
594995
595050
595681
597865
598001
598682
599014
599031
599579
599977
600534
600908
601466
601634
602393
603330
604097
604168
604564
606784
608208
608213
608222
608239
608842
608844
609602
609938
610375
610561
610953
611465
611468
611472
611531
611563
611975
612079
612701
612795
613231
613668
614177
614431
614720
615527
615745
617585
618395
618547
619849
620689
621120
621206
621629
622214
622233
622698
624823
624866
625014
625277
625419
626109
627481
627695
628225
628969
629312
630040
631369
632121
632258
634263
634494
634705
634712
634991
634996
636359
636363
636365
636976
637003
638369
638436
638771
638865
638945
639541
639626
641350
642231
642396
643406
646055
646581
646768
647798
647799
647898
648417
648424
648598
648714
649995
650655
650725
651406
651722
651964
652170
652487
652704
653142
653730
654905
657645
658242
659709
661073
661097
661877
661928
662034
662577
662904
663425
663885
665071
665073
665238
666019
666075
666253
666817
668082
668941
669582
669630
669635
669636
669869
670075
671455
671675
673156
673259
673275
674166
674193
677126
677716
677837
678275
678306
678372
678637
678710
678726
679296
679395
679729
679808
679844
680011
680228
680773
681419
682132
683433
683701
684324
684410
684502
684766
685305
685388
686327
686355
686435
686492
686512
687018
687533
687559
687920
688126
688789
688794
689689
689729
689923
690206
690207
690212
690455
691698
691783
691824
692193
694122
694137
694156
694471
694551
694563
694565
694581
694614
